[Offsets]
LocalPlayer=0xD29B0C
glowobjectmanger=0x527EF60
entitylist=0x4D3D6AC
glowindexz=0xA428
Dormant=0xED
spotted=0x93D
health=0x100
team=0xF4
fov=0x31E4
flags=0x104
bBombPlanted=0x99D
is_c4_owner=0x3A4360
[Settings]
r=0.650000
b=0.450000
g=0.100000
a=1
zToggle=0
bToggle=0
bhoptoggle=0
fovvalue=109
glowtoggle=1
